#resposta
aw <- c(14.1, 16.3, 9.9, 17.7, 10.8, 14, 9.5, 13.9, 11.8, 18.1, 16.8, 15.2, 20.4, 10.1, 13, 13.9, 17.8, 25, 16.3, 20.2, 14.4, 12, 8.7, 12, 11.8, 16.7, 14.5, 14.8, 21.5, 20.9, 10.1, 19.3, 29, 10.6, 21, 20.3, 25.7, 15.8, 10, 18.3, 41, 16.9, 14.2, 26, 9.9, 14.3, 21.1, 9.7, 18, 14.2, 18.3, 13.3, 18, 18.7, 13, 12.3, 11.6, 9.5, 14.5, 20.4, 12.7, 19.6, 9.2, 14.46, 13.5, 17.5, 11, 22, 13.2, 21, 13.2, 14.6, 19.1, 24.1, 8.5, 16.2, 13.4, 16.2, 13.4, 18.6, 11.3, 24.7, 13.5, 17.3, 17, 18.3, 14.7, 18.7, 28.6, 24, 23.8, 25.4, 27.8, 27.1, 15.3, 20.1, 15.7, 22.6, 28.7, 19.8, 26.6, 34.8, 27.7, 27.2, 18, 24.6, 20.5, 29.4, 28, 18.2, 20, 22.9, 26.3, 17.1, 19.6, 15, 14, 15.4, 15.1, 34.9, 29.4, 22, 20.3, 31.3, 31)
#explicativas
au <- c(71, 91, 37, 127, 43, 60, 32, 63, 71, 112, 95, 63, 115, 33, 100, 105, 84, 94, 75, 95, 105, 68, 15, 63, 56, 101, 97, 93, 145, 112, 23, 127, 104, 62, 105, 115, 142, 127, 85, 101, 218, 79, 76, 125, 66, 110, 95, 45, 105, 104, 43, 77, 153, 113, 33, 75, 82, 69, 98, 67, 52, 114, 40, 65, 55, 145, 48, 142, 62, 95, 58, 85, 125, 135, 11, 94, 58, 86, 86, 93, 40, 154, 52, 115, 105, 108, 141, 105, 135, 148, 110, 148, 116, 124, 97, 105, 94, 134, 164, 124, 211, 228, 190, 209, 81, 123, 136, 189, 201, 137, 104, 135, 189, 79, 105, 86, 67, 84, 70, 171, 191, 85, 95, 154, 151)
k <- c(2, 1, 2, 2, 4, 1, 3, 2, 3, 1, 3, 3, 1, 4, 2, 2, 2, 2, 2, 2, 2, 3, 3, 2, 3, 3, 3, 2, 2, 2, 4, 3, 1, 4, 3, 3, 1, 2, 1, 4, 1, 1, 4, 1, 1, 1, 1, 1, 1, 4, 4, 3, 2, 3, 4, 4, 4, 4, 3, 2, 2, 1, 3, 3, 3, 1, 2, 2, 1, 1, 1, 1, 1, 1, 2, 1, 1, 1, 2, 3, 3, 1, 4, 3, 3, 0, 0, 0, 0, 0, 0, 0, 0, 0, 0, 0, 0, 0, 0, 0, 0, 0, 0, 0, 0, 0, 0, 0, 0, 0, 0, 0, 0, 0, 0, 0, 0, 0, 0, 0, 0, 0, 0, 0, 0)
av <- c(118, 113, 148, 144, 107, 135, 117, 147, 175, 148, 184, 141, 164, 103, 137, 157, 166, 128, 149, 182, 143, 153, 107, 74, 130, 155, 120, 142, 166, 181, 161, 130, 148, 161, 132, 174, 161, 145, 125, 123, 218, 124, 154, 154, 141, 119, 140, 129, 146, 143, 143, 142, 100, 179, 146, 127, 147, 108, 135, 116, 152, 124, 124, 151, 151, 160, 96, 164, 142, 165, 96, 116, 140, 117, 112, 129, 145, 139, 170, 167, 185, 168, 131, 118, 153, 168, 142, 151, 135, 134, 164, 158, 189, 157, 112, 154, 138, 147, 153, 177, 161, 169, 164, 156, 128, 140, 159, 166, 168, 145, 165, 158, 146, 147, 166, 153, 160, 156, 113, 171, 155, 173, 160, 151, 194)
ax <- c(1.26, 1.09, 1.1, 1.34, 1.06, 1.12, 1.27, 1.28, 1.16, 1.23, 1.35, 1.2, 1.27, 1.21, 1.15, 1.36, 1.1, 1.1, 1.28, 1.33, 1.11, 1.17, 1.15, 1.18, 1.3, 1.22, 1.37, 1.32, 1.17, 1.43, 1.38, 1.27, 0.99, 1.2, 1.13, 1.21, 1.49, 1.18, 1.25, 1.33, 1.27, 1.17, 1.1, 1.25, 1.13, 1.12, 1.21, 1.4, 1.32, 1.2, 1.47, 1.37, 1.22, 1.32, 1.19, 1.43, 1.33, 1.34, 1.08, 1.15, 0.93, 1.14, 1.18, 1.09, 1.21, 1.21, 1.16, 1.45, 1.21, 1.16, 1.27, 1.24, 1.14, 1.26, 0.89, 1.27, 1.18, 1.15, 1.07, 1.05, 1.08, 1.16, 1.15, 1.18, 1.25, 1.3, 1.58, 1.2, 1.27, 1.18, 1.18, 1.17, 1.25, 1.12, 1.16, 1.53, 1.19, 1.19, 1.17, 1.48, 1.23, 1.27, 1.3, 1.23, 1.19, 1.14, 1.26, 1.22, 1.26, 1.26, 1.38, 1.33, 1.26, 1.14, 1.25, 1.08, 1.49, 1.22, 1.11, 1.3, 1.1, 1.21, 1.32, 1.13, 1.24)
h <- c(54, 80, 56, 78, 59, 62, 42, 55, 77, 81, 69, 51, 70, 52, 98, 67, 58, 64, 61, 71, 98, 84, 69, 72, 63, 82, 78, 74, 85, 62, 47, 74, 57, 81, 84, 55, 65, 93, 91, 67, 69, 72, 85, 61, 95, 83, 66, 74, 67, 68, 50.3, 65.5, 94, 60, 48.9, 52, 76, 74, 106.8, 59, 73.8, 76.2, 75, 64, 64.8, 97, 71, 64, 75, 64, 64, 74, 87, 73, 61, 72, 61, 65, 97, 73, 62, 86, 54, 87, 79, 86, 109, 75, 60, 82, 68, 81, 66, 58, 80, 66, 87, 92, 72, 75, 79, 68, 74, 79, 73, 61, 80.2, 75, 75, 90, 59, 70, 79, 62, 59, 84, 61, 68, 76, 65, 88, 50.3, 62, 66, 73.4)
d <- c(1, 1, 2, 2, 2, 2, 2, 2, 2, 1, 1, 1, 1, 1, 1, 1, 1, 1, 1, 1, 1, 2, 1, 1, 1, 1, 1, 1, 1, 1, 1, 1, 1, 2, 1, 1, 1, 1, 1, 1, 1, 1, 1, 1, 1, 1, 1, 1, 1, 1, 1, 1, 1, 1, 1, 1, 1, 1, 1, 1, 2, 1, 1, 1, 1, 1, 1, 1, 2, 1, 2, 1, 1, 2, 2, 2, 2, 2, 1, 1, 1, 1, 1, 1, 1, 1, 1, 1, 1, 1, 1, 1, 1, 1, 1, 1, 1, 1, 1, 1, 1, 1, 1, 1, 1, 1, 1, 1, 1, 1, 1, 1, 1, 2, 2, 2, 2, 2, 2, 1, 1, 2, 1, 1, 1)
f <- c(38, 49, 65, 52, 52, 58, 24, 39, 48, 50, 45, 59, 34, 56, 62, 45, 62, 43, 46, 50, 51, 53, 47, 53, 40, 54, 34, 57, 50, 54, 62, 39, 71, 46, 59, 34, 40, 30, 64, 46, 30, 54, 60, 39, 57, 75, 72, 57, 57, 61, 54, 55, 40, 27, 40, 53, 35, 53, 33, 32, 57, 42, 40, 39, 41, 51, 49, 34, 67, 63, 70, 70, 61, 67, 72, 65, 63, 80, 55, 37, 46, 55, 39, 44, 55, 69, 69, 71, 63, 61, 67, 64, 61, 62, 60, 67, 61, 61, 61, 61, 34, 30, 33, 31, 64, 71, 48, 29, 39, 41, 44, 47, 33, 43, 31, 60, 60, 63, 63, 41, 52, 44, 71, 60, 33)

#au vs aw_au
plot(au, aw, xlab="Carga na esteira ergométrica", ylab="Consumo de oxigênio no pico do exercício (em ml/kg/min)")
abline(lm(aw ~ au))

#k vs aw
plot(k, aw, xlab="Classificação NYHA", ylab="Consumo de oxigênio no pico do exercício (em ml/kg/min)")
abline(lm(aw ~ k))

#av vs aw
plot(av, aw, xlab="Frequência Cardíaca (em bpm)", ylab="Consumo de oxigênio no pico do exercício (em ml/kg/min)")
abline(lm(aw ~ av))

#ax vs aw
plot(ax, aw, xlab="Razão de troca respiratória (em VCO2/VO2)", ylab="Consumo de oxigênio no pico do exercício (em ml/kg/min)")
abline(lm(aw ~ ax))

#h vs aw
plot(h, aw, xlab="Peso (em kg)", ylab="Consumo de oxigênio no pico do exercício (em ml/kg/min)")
abline(lm(aw ~ h))

#d vs aw
plot(d, aw, xlab="Sexo (masculino = 1, feminino = 2)", ylab="Consumo de oxigênio no pico do exercício (em ml/kg/min)")
abline(lm(aw ~ d))

#f vs aw
plot(f, aw, xlab="Idade (em anos)", ylab="Consumo de oxigênio no pico do exercício (em ml/kg/min)")
abline(lm(aw ~ f))